6.414482e+04 10000.0 7000.0 -9000.0 2.910 -0.310 -0.510 10000.000000 5000.000000 10000.000000 1.00 1.00 1.00 0
5.515044e+04 10000.0 2000.0 -19000.0 2.920 -0.320 -0.520 10000.000000 5000.000000 10000.000000 1.00 1.00 1.00 1
5.025497e+04 10000.0 -3000.0 -19000.0 2.930 -0.330 -0.530 10000.000000 5000.000000 5000.000000 1.00 1.00 1.00 2
4.701334e+04 10000.0 -8000.0 -24000.0 2.940 -0.340 -0.540 10000.000000 5000.000000 5000.000000 1.00 1.00 1.00 3
4.556839e+04 10000.0 -13000.0 -24000.0 2.950 -0.350 -0.550 10000.000000 5000.000000 2500.000000 1.00 1.00 1.00 4
4.502420e+04 10000.0 -13000.0 -24000.0 2.960 -0.360 -0.560 10000.000000 2500.000000 1250.000000 1.00 1.00 1.00 5
4.438289e+04 10000.0 -10500.0 -24000.0 2.970 -0.370 -0.570 10000.000000 2500.000000 625.000000 1.00 1.00 1.00 6
4.377885e+04 10000.0 -10500.0 -24625.0 2.980 -0.380 -0.580 10000.000000 1250.000000 625.000000 1.00 1.00 1.00 7
4.322560e+04 10000.0 -11750.0 -25250.0 2.990 -0.390 -0.590 10000.000000 1250.000000 625.000000 1.00 1.00 1.00 8
4.275678e+04 10000.0 -11750.0 -25250.0 3.000 -0.400 -0.600 10000.000000 625.000000 312.500000 1.00 1.00 1.00 9
4.225694e+04 10000.0 -11125.0 -25562.5 3.010 -0.410 -0.610 10000.000000 625.000000 312.500000 1.00 1.00 1.00 10
4.180923e+04 10000.0 -10500.0 -25562.5 3.020 -0.420 -0.620 10000.000000 625.000000 156.250000 1.00 1.00 1.00 11
4.140251e+04 10000.0 -9875.0 -25406.2 3.030 -0.430 -0.630 10000.000000 625.000000 156.250000 1.00 1.00 1.00 12
4.103048e+04 10000.0 -9250.0 -25406.2 3.040 -0.440 -0.640 10000.000000 625.000000 78.125000 1.00 1.00 1.00 13
4.067940e+04 10000.0 -9250.0 -25484.4 3.030 -0.450 -0.650 10000.000000 312.500000 78.125000 1.00 1.00 1.00 14
4.031610e+04 10000.0 -8937.5 -25562.5 3.030 -0.460 -0.660 10000.000000 312.500000 78.125000 0.50 1.00 1.00 15
3.994503e+04 10000.0 -8625.0 -25640.6 3.020 -0.470 -0.670 10000.000000 312.500000 78.125000 0.50 1.00 1.00 16
3.957250e+04 10000.0 -8312.5 -25718.8 3.020 -0.480 -0.680 10000.000000 312.500000 78.125000 0.25 1.00 1.00 17
3.919039e+04 10000.0 -8000.0 -25796.9 3.010 -0.490 -0.690 10000.000000 312.500000 78.125000 0.25 1.00 1.00 18
3.881017e+04 10000.0 -7687.5 -25875.0 3.010 -0.500 -0.700 10000.000000 312.500000 78.125000 0.12 1.00 1.00 19
3.841772e+04 10000.0 -7375.0 -25953.1 3.000 -0.510 -0.710 10000.000000 312.500000 78.125000 0.12 1.00 1.00 20
3.802504e+04 10000.0 -7062.5 -26031.2 2.990 -0.520 -0.720 10000.000000 312.500000 78.125000 0.12 1.00 1.00 21
3.763209e+04 10000.0 -6750.0 -26109.4 2.990 -0.530 -0.730 10000.000000 312.500000 78.125000 0.06 1.00 1.00 22
3.723279e+04 10000.0 -6437.5 -26187.5 2.980 -0.540 -0.740 10000.000000 312.500000 78.125000 0.06 1.00 1.00 23
3.684182e+04 10000.0 -6125.0 -26265.6 2.980 -0.550 -0.750 10000.000000 312.500000 78.125000 0.03 1.00 1.00 24
3.644061e+04 10000.0 -5812.5 -26343.8 2.970 -0.560 -0.760 10000.000000 312.500000 78.125000 0.03 1.00 1.00 25
3.604482e+04 10000.0 -5500.0 -26421.9 2.960 -0.570 -0.770 10000.000000 312.500000 78.125000 0.03 1.00 1.00 26
3.566395e+04 10000.0 -5187.5 -26421.9 2.960 -0.580 -0.780 10000.000000 312.500000 39.062500 0.02 1.00 1.00 27
3.527685e+04 10000.0 -4875.0 -26460.9 2.950 -0.590 -0.790 10000.000000 312.500000 39.062500 0.02 1.00 1.00 28
3.490073e+04 10000.0 -4562.5 -26500.0 2.940 -0.600 -0.800 10000.000000 312.500000 39.062500 0.02 1.00 1.00 29
3.454480e+04 10000.0 -4250.0 -26500.0 2.940 -0.610 -0.810 10000.000000 312.500000 19.531250 0.01 1.00 1.00 30
3.419076e+04 10000.0 -3937.5 -26480.5 2.930 -0.620 -0.820 10000.000000 312.500000 19.531250 0.01 1.00 1.00 31
3.385442e+04 10000.0 -3625.0 -26500.0 2.920 -0.630 -0.830 10000.000000 312.500000 19.531250 0.01 1.00 1.00 32
3.354778e+04 10000.0 -3312.5 -26480.5 2.920 -0.640 -0.840 10000.000000 312.500000 19.531250 0.00 1.00 1.00 33
3.323169e+04 10000.0 -3000.0 -26460.9 2.910 -0.640 -0.850 10000.000000 312.500000 19.531250 0.00 0.50 1.00 34
3.292557e+04 10000.0 -2687.5 -26441.4 2.900 -0.640 -0.860 10000.000000 312.500000 19.531250 0.00 0.25 1.00 35
3.262802e+04 10000.0 -2375.0 -26421.9 2.900 -0.640 -0.870 10000.000000 312.500000 19.531250 0.00 0.12 1.00 36
3.233314e+04 10000.0 -2062.5 -26402.3 2.890 -0.650 -0.880 10000.000000 312.500000 19.531250 0.00 0.12 1.00 37
3.204603e+04 10000.0 -1750.0 -26382.8 2.890 -0.650 -0.890 10000.000000 312.500000 19.531250 0.00 0.06 1.00 38
3.175131e+04 10000.0 -1437.5 -26363.3 2.880 -0.650 -0.900 10000.000000 312.500000 19.531250 0.00 0.03 1.00 39
