-475.000000
-464.000000
0.000000
1.000000
0.540302
1.000000
0.540302
0.291927
0.841471
0.000000
0.291927
0.841471
0.000000
0.291927
0.000000
1.000000
0.841471
0.000000
1.000000
0.841471
0.841471
0.000000
0.841471
0.708073
0.708073
0.540302
-0.841471
-0.454649
-0.454649
0.000000
-0.454649
-0.245648
0.462426
-214.565506
-260.000000
-0.841471
-0.454649
-0.454649
-0.454649
-0.000000
-0.000000
0.540302
0.540302
0.540302
0.454649
0.454649
0.708073
0.708073
0.708073
0.382574
0.837222
-217.677811
-432.243317
2353.000000
0.000000
0.841471
0.841471
0.000000
0.000000
0.000000
0.000000
0.000000
0.000000
-0.000000
0.000000
0.540302
0.540302
0.291927
0.291927
686.903198
254.659882
-120963.445312
0.454649
0.454649
-0.841471
0.382574
0.837222
-388.471161
0.291927
0.291927
-0.595823
-0.303897
79.013115
-309.458038
0.000000
0.000000
-0.454649
-0.454649
-1069.788330
-1379.246338
-3245366.750000
3124403.250000
1.000000
3124403.250000
0.291927
0.000000
0.291927
-0.000000
0.291927
-135.453918
-0.454649
0.000000
-0.454649
0.000000
-0.454649
118.208656
-17.245262
0.841471
0.000000
0.841471
0.000000
0.841471
1979.981201
1962.735962
4618317.500000
-250.000000
-63664.968750
4681982.500000
1.000000
4681982.500000
7806386.000000
344811.593750
-932299.562500
1277111.125000
1.000000
1277111.125000
9083497.000000
2.000000
82509920468992.000000
9761895481344.000000
21920959430656.000000
31682853863424.000000
1631012782080.000000
33313867694080.000000
2.476744
nan
