0 0 -475.0
1 0 -464.0
2 a
3 1 1 2
4 g
5 1 1 4
6 2 4 3 5
7 1 0 2
8 0 0
9 b
10 1 1 9
11 2 3 8 10
12 1 0 4
13 2 4 11 12
14 2 4 7 13
15 2 2 6 14
16 2 4 1 15
17 0 -260.0
18 2 4 3 12
19 2 3 8 5
20 2 4 11 19
21 2 4 7 20
22 2 2 18 21
23 2 4 17 22
24 2 2 16 23
25 0 2353.0
26 1 0 9
27 2 4 7 26
28 2 4 25 27
29 2 2 24 28
30 2 4 0 29
31 2 4 7 5
32 2 3 8 3
33 2 4 32 13
34 2 2 31 33
35 2 4 1 34
36 2 4 7 12
37 2 4 32 20
38 2 2 36 37
39 2 4 17 38
40 2 2 35 39
41 2 4 32 26
42 2 4 25 41
43 2 2 40 42
44 2 4 25 43
45 2 3 30 44
46 x
47 2 4 45 46
48 2 4 26 12
49 2 4 1 48
50 2 4 26 19
51 2 4 17 50
52 2 2 49 51
53 2 4 25 10
54 2 2 52 53
55 2 4 25 54
56 0 -250.0
57 2 4 56 29
58 2 3 55 57
59 y
60 2 4 58 59
61 2 2 47 60
62 2 4 56 43
63 2 4 0 54
64 2 3 62 63
65 z
66 2 4 64 65
67 2 2 61 66
68 0 2
69 2 6 67 68
70 2 6 45 68
71 2 6 58 68
72 2 2 70 71
73 2 6 64 68
74 2 2 72 73
75 2 5 69 74
76 0 -760.0
77 0 -271.0
78 2 4 77 15
79 0 -525.0
80 2 4 79 22
81 2 2 78 80
82 2 2 81 28
83 2 4 76 82
84 2 4 77 34
85 2 4 79 38
86 2 2 84 85
87 2 2 86 42
88 2 4 25 87
89 2 3 83 88
90 2 4 89 46
91 2 4 77 48
92 2 4 79 50
93 2 2 91 92
94 2 2 93 53
95 2 4 25 94
96 0 27.0
97 2 4 96 82
98 2 3 95 97
99 2 4 98 59
100 2 2 90 99
101 2 4 96 87
102 2 4 76 94
103 2 3 101 102
104 2 4 103 65
105 2 2 100 104
106 2 6 105 68
107 2 6 89 68
108 2 6 98 68
109 2 2 107 108
110 2 6 103 68
111 2 2 109 110
112 2 5 106 111
113 2 2 75 112
114 0 -432.0
115 0 -65.0
116 2 4 115 15
117 0 -300.0
118 2 4 117 22
119 2 2 116 118
120 2 2 119 28
121 2 4 114 120
122 2 4 115 34
123 2 4 117 38
124 2 2 122 123
125 2 2 124 42
126 2 4 25 125
127 2 3 121 126
128 2 4 127 46
129 2 4 115 48
130 2 4 117 50
131 2 2 129 130
132 2 2 131 53
133 2 4 25 132
134 0 297.0
135 2 4 134 120
136 2 3 133 135
137 2 4 136 59
138 2 2 128 137
139 2 4 134 125
140 2 4 114 132
141 2 3 139 140
142 2 4 141 65
143 2 2 138 142
144 2 6 143 68
145 2 6 127 68
146 2 6 136 68
147 2 2 145 146
148 2 6 141 68
149 2 2 147 148
150 2 5 144 149
151 2 2 113 150
152 0 585.0
153 0 191.0
154 2 4 153 15
155 0 645.0
156 2 4 155 22
157 2 2 154 156
158 2 2 157 28
159 2 4 152 158
160 2 4 153 34
161 2 4 155 38
162 2 2 160 161
163 2 2 162 42
164 2 4 25 163
165 2 3 159 164
166 2 4 165 46
167 2 4 153 48
168 2 4 155 50
169 2 2 167 168
170 2 2 169 53
171 2 4 25 170
172 0 606.0
173 2 4 172 158
174 2 3 171 173
175 2 4 174 59
176 2 2 166 175
177 2 4 172 163
178 2 4 152 170
179 2 3 177 178
180 2 4 179 65
181 2 2 176 180
182 2 6 181 68
183 2 6 165 68
184 2 6 174 68
185 2 2 183 184
186 2 6 179 68
187 2 2 185 186
188 2 5 182 187
189 2 2 151 188
190 0 586.0
191 0 -89.0
192 2 4 191 15
193 0 593.0
194 2 4 193 22
195 2 2 192 194
196 2 2 195 28
197 2 4 190 196
198 2 4 191 34
199 2 4 193 38
200 2 2 198 199
201 2 2 200 42
202 2 4 25 201
203 2 3 197 202
204 2 4 203 46
205 2 4 191 48
206 2 4 193 50
207 2 2 205 206
208 2 2 207 53
209 2 4 25 208
210 0 316.0
211 2 4 210 196
212 2 3 209 211
213 2 4 212 59
214 2 2 204 213
215 2 4 210 201
216 2 4 190 208
217 2 3 215 216
218 2 4 217 65
219 2 2 214 218
220 2 6 219 68
221 2 6 203 68
222 2 6 212 68
223 2 2 221 222
224 2 6 217 68
225 2 2 223 224
226 2 5 220 225
227 2 2 189 226
228 0 160.0
229 0 -462.0
230 2 4 229 15
231 0 208.0
232 2 4 231 22
233 2 2 230 232
234 2 2 233 28
235 2 4 228 234
236 2 4 229 34
237 2 4 231 38
238 2 2 236 237
239 2 2 238 42
240 2 4 25 239
241 2 3 235 240
242 2 4 241 46
243 2 4 229 48
244 2 4 231 50
245 2 2 243 244
246 2 2 245 53
247 2 4 25 246
248 0 -214.0
249 2 4 248 234
250 2 3 247 249
251 2 4 250 59
252 2 2 242 251
253 2 4 248 239
254 2 4 228 246
255 2 3 253 254
256 2 4 255 65
257 2 2 252 256
258 2 6 257 68
259 2 6 241 68
260 2 6 250 68
261 2 2 259 260
262 2 6 255 68
263 2 2 261 262
264 2 5 258 263
265 2 2 227 264
